Average: 0.5039171150297278
Variance: 0.08629373356216437
Standard Deviation: 0.2937579506365136
